x y
1.0 0.0
2.0 0.0
3.0 0.0
4.0 0.0
5.0 0.0
6.0 0.0
7.0 0.0
8.0 0.0
9.0 0.0
10.0 0.0
11.0 0.0
12.0 0.0
13.0 0.0
14.0 0.0
15.0 0.0
16.0 0.0
17.0 0.0
18.0 0.0
19.0 0.0
20.0 0.0
21.0 0.0
22.0 0.0
24.0 0.0
25.0 0.0
26.0 0.0
28.0 0.0
30.0 0.0
31.0 0.0
33.0 0.0
35.0 0.0
37.0 0.0
39.0 0.0
41.0 0.0
44.0 0.0
46.0 0.0
49.0 0.0
52.0 0.0
55.0 0.0
58.0 0.0
62.0 0.0
65.0 0.0
69.0 0.0
73.0 0.0
77.0 0.0
81.0 0.0
86.0 0.0
91.0 0.0
96.0 0.0
102.0 0.0
108.0 0.0
114.0 0.0
121.0 0.0
128.0 0.0
135.0 0.0
143.0 0.0
151.0 0.0
160.0 0.0
169.0 0.0
178.0 0.0
189.0 0.0
200.0 0.0
211.0 0.0
223.0 0.0
236.0 0.0
249.0 0.0
